2587
1261
1670
1865
1588
40
437
2011
760
2179
317
1672
568
723
1702
1319
668
2587
1020
2165
2195
814
1203
2031
291
1100
2299
254
370
1273
1056
2690
760
1349
124
658
435
868
2369
279
519
2516
532
1657
1490
607
2193
2365
608
210
843
483
1168
1552
1877
1131
45
2368
275
927
815
2358
213
1599
1417
769
1536
1035
512
932
2137
2581
1615
1380
742
1517
1006
2513
1523
2379
2675
1472
1496
595
657
2089
2596
2048
97
1893
525
1066
412
1541
2038
1277
1170
460
958
2047
858
1050
372
1558
2318
2225
1986
2544
329
2220
1139
2252
942
2023
748
1440
1049
1606
313
157
1821
701
2438
814
1257
2632
1416
1158
417
996
202
1232
532
1664
720
1898
1671
2604
497
2657
313
1855
959
3
1291
456
121
986
1194
1079
1987
258
286
1699
30
611
1933
827
1141
1009
2682
1954
1310
1947
395
2626
1714
2436
1022
2476
2265
1882
35
2410
1541
730
840
2059
43
2558
1880
2050
1936
370
972
765
903
258
472
1218
2267
1766
1127
1939
708
2476
171
953
120
539
832
2377
485
402
1443
2348
1517
233
443
1637
1089
223
1877
667
379
492
2067
109
2671
1351
698
179
537
1640
839
2001
224
2018
1583
57
357
2553
857
2279
2269
2683
1192
2273
1116
1709
1664
2103
495
2668
62
1308
1035
1252
1735
721
2470
2301
343
2534
2383
1008
1298
1613
2595
1935
1362
751
294
2539
1004
1116
2044
678
2039
2184
945
729
1729
1357
137
1045
916
1168
1313
520
659
880
1735
2120
1440
1589
1108
2571
1108
736
2232
2293
1132
1033
2020
2176
165
2385
1517
898
633
2098
1460
583
2651
1428
1702
2284
1798
2536
2071
1503
2563
747
855
2185
2486
344
2331
1392
718
2548
977
1765
1771
1940
1691
1639
1121
1529
618
870
256
649
404
1306
2135
2097
2518
998
2487
1428
1843
2608
1908
2231
2606
578
2086
988
1519
2603
403
658
223
918
1145
577
1650
1954
2625
984
2620
1359
2663
2465
1720
178
1344
594
166
644
1914
1217
2554
1488
1955
1429
55
597
568
450
2691
1996
1631
2087
1813
766
619
28
1624
2629
262
1611
1030
372
580
1917
843
991
2560
72
470
277
950
2618
2401
2457
1116
643
241
1050
2275
148
2689
2378
1003
2327
1516
2004
1442
1034
1394
2657
1474
198
2256
1332
583
2643
364
2404
2105
2549
1858
863
485
2461
211
283
1570
2166
2628
716
2331
192
437
914
1062
1579
2076
2219
1805
2450
1443
2198
775
1138
353
331
753
2650
2069
463
140
2532
1994
1477
172
1233
476
2453
2359
54
2540
782
1082
2377
1462
1431
181
59
2633
1869
2680
2374
1572
2230
1527
1782
1036
1057
1405
1685
2354
2598
344
217
2396
1574
553
497
160
821
1255
2261
660
2560
312
343
1502
408
2032
2082
2328
141
827
2658
204
2181
600
68
480
695
293
1191
1816
1800
2163
1856
218
1235
453
988
484
616
8
2157
2417
477
137
114
479
634
1418
1924
1871
2287
1378
584
2447
934
702
121
2581
803
1984
2225
2016
69
1836
1906
2315
2081
452
1376
481
1542
2163
2020
1836
35
1968
808
954
1247
489
54
393
628
1402
125
1846
1205
1789
2335
1802
2661
917
1364
222
132
2197
950
2176
779
1639
415
2036
1141
755
2096
1174
1353
1352
327
1852
1943
1331
1143
1070
2137
1135
2270
600
1097
1242
2224
1791
605
230
776
1017
548
1548
2694
739
2101
2327
2460
2087
1538
1777
1148
1517
2279
393
1717
966
2461
1924
1952
1223
1
2392
1437
759
2533
129
748
2273
320
1563
70
1597
2280
2111
841
876
277
854
2060
1716
653
2428
363
2171
2182
1938
1310
833
45
889
1486
1991
2547
2253
1449
1497
1457
2034
1822
117
21
938
2325
2031
2437
255
1734
2553
1513
1756
1627
2399
299
2430
2548
707
1010
1747
1828
1788
1082
194
1031
2478
756
922
2493
2456
316
1765
2386
1884
2005
1511
1883
2699
2208
1694
1780
1371
1282
1013
80
248
1445
2521
1194
1800
1738
230
1881
1089
1007
443
2164
2682
1242
2162
2249
2367
2314
1734
2065
1936
573
3
2532
2412
1950
2266
647
1274
104
1674
1063
2513
162
928
2616
2427
2673
1369
2319
821
2696
2244
37
1690
510
904
398
1047
939
2017
2695
1737
337
803
1249
2599
2368
1779
1634
935
1079
452
239
1570
433
1309
168
2053
1249
1505
2476
271
421
140
1633
1954
390
1236
1104
2068
2572
1884
422
118
93
1046
2327
1370
963
2343
1919
2423
17
1996
260
876
655
2473
437
2685
1187
407
2483
2484
2287
1529
1507
739
2545
2659
2666
2608
1163
2007
86
417
1674
670
2478
1759
2649
1966
2382
1631
529
1442
2107
1106
2397
2275
1503
1499
1437
2210
850
2587
2048
348
1387
1151
950
522
1353
164
2188
1942
571
2101
575
2338
904
1738
1361
2328
1900
998
98
33
2513
457
947
2184
1584
351
1991
835
834
1092
185
37
765
2228
2057
636
1310
2655
1378
982
2432
1159
1555
1249
1949
1104
120
1039
417
1285
1123
2516
153
1037
830
1728
251
2452
2271
1178
1270
1674
1371
2078
1653
522
2419
2154
835
1391
1921
2395
1
1964
2516
2614
2222
947
2087
757
2697
2146
1042
1719
2516
2418
2294
1715
315
1628
193
477
1592
1522
1810
608
518
446
2105
37
942
1416
2646
2127
1164
125
649
2009
2699
1089
2280
95
1138
656
2022
1591
1047
1274
1985
27
2298
1945
8
54
2113
1269
1539
2007
2491
994
2578
1683
1086
1235
373
2487
1910
1095
1967
1503
2596
897
1582
1390
2476
1332
2438
432
963
2486
2384
1586
2268
220
1914
1528
2291
2091
1223
1960
1154
2048
2554
1040
973
203
1048
2199
2067
1674
1801
2167
2023
775
2504
260
1150
2511
2508
1786
451
1227
324
2003
1158
1599
445
1012
2364
785
2311
998
2192
543
2638
1992
338
1201
1843
639
97
1866
1079
2646
2602
1626
240
126
1954
2316
2520
1716
237
824
485
1594
1258
711
2436
175
267
1722
2472
1807
1837
824
2525
1917
2104
480
935
39
2079
1233
1678
1117
673
2298
1389
414
157
2592
1726
1048
323
1583
2560
1179
674
1300
2462
1784
13
2474
2507
1822
1070
1364
1590
222
12
2483
2567
270
1661
1304
2449
617
65
389
151
1631
100
19
611
2100
114
1105
2594
1244
1975
1429
2150
521
1860
1718
436
2683
1608
1069
139
2156
2026
241
1170
2399
1188
572
1319
1547
1250
1844
1102
312
2066
2194
1139
671
1906
669
407
1794
2608
965
472
1475
1248
2410
2454
1480
2564
847
1348
1692
418
2341
1271
2120
1102
962
767
249
1964
1520
2145
853
628
1199
2272
323
1558
1485
2280
166
2183
1625
903
1506
1910
2138
2174
1562
477
459
367
188
1919
1177
275
62
825
1471
477
1762
1207
2220
2428
1004
2574
1832
1567
320
1432
1633
27
325
2345
2318
366
989
2659
351
1032
2427
829
1445
1101
1422
1852
1267
1614
1970
309
591
1463
850
1222
2014
146
2351
2298
1922
145
456
2416
1769
2034
1235
1911
539
441
28
1052
861
2374
1083
523
2620
1273
1903
2142
2350
1583
664
2266
2097
71
1507
2040
1123
1814
2561
1075
314
237
1151
2014
709
176
2105
786
2560
360
749
427
1518
819
2190
742
1649
2452
755
291
2060
1137
1868
1567
2615
1555
2031
2109
1391
2513
1812
8
132
705
1523
1216
2488
2213
201
1854
1876
1462
2166
1415
764
1995
1869
1588
2699
1865
2176
639
1967
2178
2119
2325
1471
1929
2386
2289
1016
1916
1793
1749
1915
1332
834
1243
2493
52
150
45
1542
1543
1121
2227
2162
2444
1893
88
458
1074
2376
1992
799
1806
2447
545
399
194
1424
2432
773
2087
2676
2096
127
2401
619
964
1271
792
2303
1771
2076
658
2001
2318
693
2617
250
2378
2638
1839
1485
2128
1844
749
1135
2553
1244
438
190
1331
97
550
773
1163
1947
2234
2076
390
114
1740
2579
1847
837
2222
132
1323
2139
1627
1279
1464
1850
2650
2638
284
2113
1665
647
899
1622
1112
503
41
1952
243
355
1732
826
811
1441
2142
14
1204
1092
1578
185
1263
939
1368
2632
788
2186
1557
2147
1329
936
303
1090
29
1740
2235
2067
1186
1510
482
2171
1235
1857
168
2029
1372
2238
97
1302
1859
634
526
109
371
1995
1962
1281
2428
1829
2577
356
1022
82
973
2052
2679
939
1866
349
1570
2311
2015
1066
1231
1555
2320
243
1880
1200
1103
1252
1292
456
2449
2330
2002
31
954
2677
1271
2086
1544
472
649
2686
528
566
1150
2203
2184
2663
1817
2566
1389
2224
2140
11
2292
1064
670
1865
1477
467
2113
1504
318
1588
1476
1332
1574
1167
798
1786
33
1732
2240
1257
1831
661
2380
2247
2063
402
201
1075
1468
1166
1127
402
2389
2660
71
1850
1968
1835
1154
1543
2508
1889
2235
398
1246
909
587
2131
1510
868
44
2259
2034
1968
684
857
443
1598
2568
428
1730
1693
1233
2123
1342
2406
2596
2400
1808
2065
931
1747
261
1042
2083
2491
2670
1496
520
1977
1242
428
7
2247
1800
1050
1716
1066
580
937
2161
1535
242
493
1076
459
2097
1498
2415
2407
1524
94
190
475
630
160
1704
949
1292
463
269
1900
1178
1576
2135
2475
1718
1491
1191
1917
1475
1755
624
1533
1709
2139
1425
437
1397
2135
1802
1210
1035
772
1320
1209
692
346
346
1074
436
1858
2158
834
1212
264
2423
2586
2080
370
2097
2689
780
907
2675
461
1903
2346
1644
1651
1621
2688
1252
2068
1120
318
2249
2278
238
40
285
1505
116
1201
1201
1485
1914
286
866
366
638
2405
169
2407
1068
1305
661
514
2455
1617
2221
2664
1708
1628
1078
107
162
2156
2508
750
1642
1157
1169
554
29
806
107
216
2543
2697
2039
286
1836
2378
2445
25
596
841
282
574
2040
655
2560
683
2257
2144
981
641
2366
1023
1876
2402
2297
2389
427
523
511
1486
671
1916
2427
1316
154
1103
2412
626
596
679
925
876
1094
2214
1717
1852
2162
11
493
1227
295
371
2352
150
2394
2664
1234
1284
2460
1897
1478
329
1234
432
328
498
2596
355
1986
314
1633
1023
1728
1913
1984
173
161
654
2466
2269
2117
1034
1607
1657
125
2125
259
640
1012
2406
1505
912
2038
2651
216
186
2569
1182
129
2213
810
2685
2582
2234
1664
2631
1922
516
359
1904
1276
1
1431
2020
1552
468
519
421
2690
299
2180
1861
273
1289
778
2222
330
661
2149
1119
2578
1721
904
273
941
2094
2636
2314
1389
1654
789
1751
1360
647
2627
2153
1186
2000
2515
1310
2274
1551
1124
2203
2263
2361
2126
2671
2666
467
1726
1168
2288
2104
2458
506
410
1246
1214
1234
1778
358
764
2646
823
2593
1266
2202
826
1878
33
543
575
83
2077
1017
2054
1353
1788
1761
1454
2076
2173
1471
356
354
915
1374
1097
2030
2342
1726
66
1129
1061
2002
350
1601
1520
894
975
424
2304
1209
35
1384
112
1771
564
1758
2562
639
1096
1036
2618
1000
1138
487
927
173
1191
2584
1313
1825
373
1959
2522
436
340
606
1698
1556
1214
1411
910
2570
1935
340
2606
1050
2093
771
1126
269
1481
162
1148
487
2034
484
1289
232
2025
2430
1524
389
1882
2354
2624
2582
1394
1290
2037
521
2475
678
2306
368
2340
1999
82
758
1235
1711
2496
1231
168
96
1596
616
143
1495
2138
2102
301
630
504
190
945
1241
833
2383
93
1739
2381
519
1885
2433
1611
1309
2214
2520
2525
2099
167
108
69
1496
649
1345
2101
903
2298
1528
2043
833
2594
19
914
880
1956
946
1929
1454
1648
162
522
438
1783
1123
278
420
2015
488
770
234
2313
172
2231
283
2383
1597
539
1941
673
608
1153
115
36
1308
631
736
1904
1047
1102
1123
820
1996
2023
1957
521
1785
139
2286
2359
812
1470
1212
1286
2233
247
2584
2306
1806
635
225
364
1211
2334
104
364
570
2395
1777
2602
1005
2132
546
1318
679
1018
664
132
562
820
2455
2665
394
635
1771
196
1658
1623
63
2421
2158
2548
2553
1749
1274
2172
2112
1255
897
2539
2058
1982
766
1135
894
776
2304
2179
2135
1172
1007
537
1925
468
1473
1049
2224
1943
1941
2042
1240
1854
1408
2228
600
2420
1383
1556
484
2129
429
1994
2137
2279
2040
690
2120
699
2341
166
904
944
1352
266
698
2218
1341
659
1109
183
1472
1177
239
394
2291
2249
164
2489
1830
734
2140
427
2662
1766
1417
2676
2156
337
400
886
839
248
591
493
1358
483
116
2337
1645
541
1324
660
2576
282
214
1
1415
1723
2493
2476
348
442
897
2070
431
1787
565
735
2088
1255
2445
2628
2103
1799
2320
1474
1735
1286
472
772
2148
41
729
28
2328
447
2354
1592
1420
382
2483
1859
1323
1012
1067
181
1068
445
1906
2596
1662
809
2690
1786
1543
1373
1904
1000
1541
488
1988
2305
581
691
2329
434
248
1542
961
2504
2217
634
1052
1013
1380
2152
1225
397
929
187
2387
1455
834
1276
1664
1430
201
1845
1204
658
1654
482
1078
346
1255
2697
827
484
1266
1826
799
27
1003
2204
1991
1115
2637
706
255
947
1107
297
725
2614
1642
344
725
873
1050
636
1270
10
821
2291
780
1903
62
2108
2255
383
463
937
22
1016
1047
136
1385
2026
2348
2578
1376
401
2209
1148
2520
609
37
1189
176
1562
572
214
1550
1558
477
282
263
1920
2542
2154
1082
2348
884
850
779
2480
2256
2384
2016
852
2108
246
630
709
2517
1030
1753
209
2685
1624
754
153
2606
356
2474
193
2148
1861
1214
1499
2125
962
1190
895
2336
2121
1589
2536
510
2165
1432
1973
1538
2236
360
95
2218
1756
747
296
1248
121
398
1162
477
1903
623
311
118
1940
1391
2487
2254
1548
2432
809
1650
792
1192
1252
1175
2298
2300
753
750
1185
1752
147
208
1436
1118
14
1336
2517
2483
584
293
381
757
1215
1781
1286
2364
48
1379
881
1364
675
1721
2184
381
2153
896
2412
1831
321
773
1965
758
64
2380
1432
787
195
836
2383
441
2595
1722
1892
1535
2076
60
1232
1717
199
222
1222
745
1397
2329
258
1798
908
2455
329
774
2030
1975
1897
892
2389
876
485
2473
63
1316
2576
846
1825
1045
1893
793
2186
508
1777
2135
234
1630
544
823
1888
2427
849
2315
1692
611
2225
2297
1992
436
1324
2398
512
2622
321
1264
7
1206
2365
1282
1402
280
2437
1514
1877
477
351
2259
2211
284
2520
2087
829
407
2384
2287
1822
1014
1062
730
1779
1218
1375
201
1951
1834
1126
2560
2337
446
1431
1281
1982
779
398
2258
1411
1368
2061
1724
122
102
186
599
1811
443
1565
1977
1365
1992
1601
691
913
2592
2388
1422
1008
1797
399
187
1906
422
1839
438
2243
212
669
1778
556
2654
907
1466
133
2604
786
199
252
606
2434
1359
2627
1315
181
1789
820
2554
324
379
692
2228
581
1091
1715
